240
6
187
21
81
36
125
50
33
64
252
76
167
88
244
98
8
108
184
115
11
122
1
127
255
127
255
127
255
127
240
127
242
124
97
119
72
112
218
103
19
94
5
83
221
70
191
57
187
43
82
29
215
14
16
0
28
241
102
226
59
212
179
198
211
185
15
174
161
163
54
154
17
146
72
139
197
133
210
130
238
130
13
132
138
132
112
133
194
136
181
142
29
150
168
158
112
168
69
179
60
191
12
204
66
217
239
230
253
244
41
3
77
17
65
31
216
44
199
57
255
69
93
81
124
91
143
100
111
108
189
114
241
119
100
123
119
124
192
124
62
124
120
121
252
116
52
111
195
103
26
95
73
85
54
74
56
62
109
49
21
36
75
22
23
8
231
249
220
235
8
222
181
208
226
195
200
183
193
172
220
162
52
154
214
146
210
140
85
136
92
133
247
131
39
132
221
133
62
137
32
142
75
148
220
155
187
164
195
174
213
185
181
197
89
210
151
223
54
237
29
251
3
9
206
22
116
36
157
49
54
62
29
74
248
84
206
94
128
103
200
110
186
116
58
121
34
124
129
125
61
125
83
123
199
119
147
114
228
107
199
99
70
90
156
79
226
67
60
55
229
41
244
27
156
13
27
255
159
240
91
226
120
212
31
199
131
186
215
174
64
164
210
154
182
146
15
140
225
134
74
131
93
129
28
129
150
130
156
133
39
138
85
144
247
151
242
160
55
171
125
182
184
194
200
207
109
221
135
235
212
249
49
8
127
22
136
36
56
50
42
63
34
75
63
86
67
96
4
105
102
112
61
118
185
122
106
125
18
126
155
125
212
123
3
120
164
114
238
107
175
99
37
90
117
79
217
67
115
55
35
42
66
28
37
14
184
255
78
241
66
227
119
213
47
200
180
187
252
175
99
165
231
155
116
147
177
140
103
135
160
131
66
130
30
130
91
130
151
132
4
137
206
142
28
150
197
158
168
168
200
179
182
191
105
204
230
217
222
231
50
246
186
4
29
19
42
33
241
46
61
60
175
72
56
84
172
94
227
103
203
111
79
118
133
123
157
126
96
127
122
127
158
126
76
123
38
118
159
111
145
103
75
94
131
83
140
71
249
58
122
45
73
31
196
16
239
1
29
243
126
228
82
214
188
200
180
187
175
175
212
164
13
155
185
146
225
139
98
134
136
130
144
128
64
128
73
129
2
132
148
136
133
142
212
149
148
158
147
168
211
179
255
191
218
204
121
218
145
232
213
246
59
5
157
19
168
33
39
47
44
60
113
72
131
83
140
93
143
102
40
110
55
116
171
120
161
123
21
125
208
124
248
122
147
119
140
114
32
108
100
100
106
91
67
81
242
69
207
57
14
45
154
31
164
17
132
3
108
245
106
231
199
217
203
204
84
192
176
180
34
170
106
160
247
151
0
145
61
139
27
135
169
132
169
131
70
132
84
134
244
137
74
143
231
149
220
157
36
167
123
177
9
189
124
201
130
214
52
228
68
242
124
0
202
14
239
28
168
42
183
55
55
68
249
79
141
90
27
100
86
108
11
115
143
120
102
124
147
126
115
127
117
126
198
123
188
119
233
113
147
106
249
97
13
88
11
77
254
64
39
52
177
38
142
24
37
10
121
251
188
236
132
222
169
208
70
195
205
182
72
171
231
160
161
151
135
143
14
137
28
132
156
128
0
128
0
128
0
128
21
131
217
135
66
142
32
150
87
159
203
169
100
181
230
193
35
207
59
221
201
235
135
250
164
9
124
24
208
38
234
52
70
66
170
78
244
89
8
100
41
109
172
116
141
122
42
127
255
127
255
127
255
127
255
127
212
123
58
118
2
111
81
102
90
92
242
80
164
68
153
55
158
41
24
27
88
12
82
253
86
238
203
223
176
209
57
196
134
183
170
171
49
161
232
151
214
143
142
137
129
132
183
129
225
129
10
130
72
130
112
133
188
138
45
145
51
153
139
162
48
173
212
184
59
197
171
210
167
224
244
238
135
253
230
11
31
26
38
40
123
53
15
66
247
77
218
88
118
98
214
106
209
113
112
119
36
123
3
124
172
123
168
123
34
122
245
117
4
112
191
104
33
96
42
86
37
75
64
63
87
50
185
36
172
22
84
8
242
249
165
235
151
221
222
207
225
194
220
182
152
171
135
161
169
152
230
144
238
138
104
134
157
131
23
131
59
131
78
132
232
135
28
141
121
147
121
155
193
164
65
175
218
186
77
199
138
212
76
226
124
240
223
254
38
13
45
27
205
40
1
54
128
66
255
77
133
88
234
97
27
106
255
112
111
118
95
122
156
124
75
125
111
124
190
121
153
117
27
112
38
105
231
96
75
87
157
76
12
65
124
52
86
39
159
25
106
11
46
253
239
238
233
224
98
211
103
198
43
186
172
174
70
164
33
155
12
147
114
140
94
135
226
131
61
130
251
129
102
131
167
134
57
139
135
145
82
153
35
162
105
172
193
183
244
195
38
209
218
222
23
237
166
251
9
10
94
24
110
38
254
51
243
64
228
76
199
87
155
97
37
106
77
113
249
118
17
123
131
125
83
126
148
125
78
123
120
119
238
113
252
106
213
98
78
89
193
78
62
67
171
54
127
41
170
27
97
13
50
255
222
240
170
226
243
212
144
199
228
186
50
175
129
164
233
154
120
146
145
139
249
133
204
129
14
128
0
128
0
128
2
130
93
134
25
140
82
147
5
156
225
165
12
177
100
189
143
202
147
216
47
231
252
245
230
4
217
19
165
34
254
48
166
62
159
75
155
87
96
98
27
108
85
116
247
122
255
127
255
127
255
127
255
127
255
127
138
127
47
122
128
115
249
106
30
97
1
86
130
73
83
60
93
46
141
31
134
16
74
1
245
241
209
226
234
211
196
197
124
184
241
171
176
160
178
150
250
141
241
134
39
129
0
128
0
128
0
128
0
128
0
128
193
131
1
138
228
145
46
155
193
165
171
177
120
190
9
204
83
218
21
233
56
248
126
7
148
22
74
37
111
51
227
64
131
77
26
89
118
99
125
108
16
116
22
122
166
126
255
127
255
127
255
127
225
127
228
123
58
118
48
111
170
102
229
92
224
81
200
69
249
56
107
43
66
29
175
14
213
255
13
241
124
226
61
212
164
198
225
185
248
173
41
163
141
153
48
145
124
138
67
133
78
129
0
128
0
128
79
128
233
130
123
135
177
141
95
149
113
158
198
168
48
180
141
192
172
205
99
219
179
233
56
248
215
6
175
21
39
36
21
50
108
63
218
75
127
87
234
97
215
106
117
114
116
120
45
125
255
127
255
127
255
127
41
127
165
123
102
118
134
111
21
103
150
93
193
82
188
70
236
57
91
44
68
30
180
15
231
0
29
242
110
227
51
213
124
199
117
186
102
174
91
163
166
153
82
145
121
138
59
133
104
129
0
128
0
128
96
128
214
130
108
135
87
141
193
148
176
157
180
167
221
178
24
191
23
204
173
217
224
231
114
246
8
5
133
19
187
33
161
47
252
60
100
73
243
84
102
95
153
104
165
112
11
119
15
124
125
127
255
127
255
127
170
127
182
124
212
119
140
113
164
105
92
96
224
85
71
74
169
61
66
48
76
34
187
19
230
4
7
246
77
231
3
217
252
202
167
189
81
177
212
165
177
155
191
146
9
139
1
133
105
128
0
128
0
128
0
128
0
128
169
131
111
137
148
144
96
153
115
163
203
174
51
187
97
200
83
214
204
228
146
243
159
2
150
17
36
32
106
46
19
60
214
72
199
84
124
95
6
105
92
113
252
119
93
125
255
127
255
127
255
127
255
127
85
126
111
121
42
115
123
107
71
98
187
87
21
76
145
63
72
50
64
36
202
21
18
7
20
248
81
233
225
218
174
204
70
191
174
178
9
167
170
156
89
147
138
139
62
133
111
128
0
128
0
128
0
128
0
128
50
130
206
135
146
142
1
151
252
160
229
171
35
184
89
197
1
211
137
225
116
240
126
255
186
14
159
29
83
44
116
58
149
71
9
84
58
95
53
105
244
113
216
120
191
126
255
127
255
127
255
127
255
127
255
127
2
124
175
117
234
109
174
100
240
89
59
78
132
65
218
51
145
37
181
22
184
7
158
248
119
233
186
218
86
204
193
190
32
178
63
166
197
155
154
146
190
138
141
132
0
128
0
128
0
128
0
128
0
128
3
130
112
135
110
142
22
151
18
161
46
172
97
184
140
197
133
211
39
226
33
241
48
0
77
15
43
30
170
44
184
58
215
71
4
84
69
95
72
105
226
113
243
120
170
126
255
127
255
127
255
127
255
127
255
127
34
124
159
117
192
109
117
100
208
89
234
77
234
64
9
51
119
36
86
21
2
6
175
246
106
231
150
216
83
202
168
188
214
175
13
164
146
153
119
144
193
136
153
130
0
128
0
128
0
128
0
128
0
128
251
129
17
136
120
143
96
152
150
162
28
174
182
186
26
200
67
214
227
228
218
243
15
3
41
18
252
32
81
47
249
60
230
73
228
85
174
96
41
106
79
114
242
120
30
126
255
127
255
127
255
127
255
127
79
126
58
121
163
114
126
106
45
97
150
86
163
74
242
61
118
48
69
34
203
19
12
5
61
246
125
231
12
217
84
203
49
190
211
177
139
166
81
156
108
147
13
140
27
134
154
129
0
128
0
128
0
128
181
128
144
132
3
138
29
145
146
153
39
163
49
174
62
186
249
198
132
212
157
226
13
241
144
255
19
14
133
28
102
42
209
55
159
68
64
80
245
90
159
100
212
108
154
115
241
120
223
124
31
127
169
127
203
126
67
124
26
120
137
114
117
107
10
99
77
89
114
78
188
66
22
54
199
40
243
26
194
12
127
254
36
240
9
226
72
212
1
199
199
186
98
175
230
164
163
155
112
147
191
140
129
135
155
131
145
129
7
129
9
130
195
132
210
136
148
142
219
149
81
158
38
168
238
178
190
190
143
203
216
216
182
230
251
244
122
3
3
18
40
32
9
46
49
59
100
71
254
82
126
93
203
102
214
110
84
117
138
122
1
126
179
127
255
127
178
126
148
123
216
118
143
112
14
105
5
96
212
85
149
74
232
61
183
48
254
34
123
20
232
5
25
247
97
232
34
218
40
204
27
191
202
178
59
167
56
157
78
148
182
140
175
134
25
130
28
128
0
128
0
128
35
129
0
133
127
138
120
145
17
154
2
164
12
175
70
187
117
200
68
214
205
228
168
243
151
2
156
17
48
32
93
46
9
60
183
72
157
84
131
95
243
104
6
113
195
119
208
124
40
127
48
127
59
127
100
127
102
125
131
120
230
113
37
106
231
96
74
86
146
74
225
61
125
48
84
34
192
19
37
5
60
246
120
231
57
217
66
203
246
189
172
177
107
166
66
156
106
147
3
140
206
133
236
129
73
129
136
129
237
128
61
129
101
132
35
138
55
145
114
153
58
163
79
174
98
186
93
199
30
213
104
227
18
242
5
1
217
15
116
30
205
44
138
58
132
71
133
83
138
94
89
104
179
112
37
120
105
125
37
127
61
127
102
127
224
127
26
127
177
122
13
116
144
108
36
99
111
88
196
76
221
63
105
50
40
36
93
21
115
6
55
247
55
232
139
217
68
203
193
189
6
177
112
165
253
154
219
145
52
138
170
131
0
128
0
128
0
128
0
128
0
128
245
129
238
135
59
143
21
152
109
162
141
173
253
185
87
199
74
213
249
227
228
242
52
2
129
17
66
32
210
46
201
60
226
73
3
86
224
96
164
106
238
114
201
121
26
127
255
127
255
127
255
127
255
127
255
127
22
123
11
116
243
107
101
98
201
87
227
75
205
62
74
49
223
34
227
19
196
4
105
245
122
230
177
215
67
201
245
187
126
175
42
164
232
153
203
144
138
137
81
131
0
128
0
128
0
128
0
128
0
128
249
130
8
137
153
144
112
153
162
163
240
174
126
187
206
200
188
214
102
229
80
244
120
3
129
18
41
33
153
47
72
61
31
74
240
85
135
96
53
106
100
114
33
121
103
126
255
127
255
127
255
127
255
127
176
126
16
122
49
115
73
107
176
97
225
86
36
75
60
62
174
48
98
34
116
19
90
4
50
245
82
230
197
215
188
201
110
188
229
175
137
164
54
154
22
145
150
137
81
131
0
128
0
128
0
128
0
128
0
128
78
130
248
135
71
143
11
152
35
162
80
173
154
185
194
198
188
212
76
227
20
242
50
1
130
16
157
31
26
46
237
59
61
73
131
85
158
96
171
106
38
115
53
122
188
127
255
127
255
127
255
127
255
127
255
127
250
123
79
117
101
109
236
99
63
89
168
77
245
64
58
51
233
36
81
22
98
7
73
248
67
233
159
218
166
204
15
191
18
178
69
166
132
155
25
146
64
138
143
131
0
128
0
128
0
128
0
128
0
128
42
128
154
133
155
140
14
149
228
158
228
169
21
182
68
195
83
209
7
224
25
239
104
254
176
13
193
28
87
43
97
57
237
70
118
83
202
94
247
104
160
113
228
120
212
126
255
127
255
127
255
127
255
127
255
127
98
125
57
119
224
111
202
102
111
92
15
81
119
68
248
54
232
40
69
26
37
11
3
252
249
236
9
222
169
207
229
193
206
180
212
168
239
157
77
148
42
140
61
133
0
128
0
128
0
128
0
128
0
128
0
128
69
132
193
138
186
146
77
156
22
167
4
179
244
191
191
205
40
220
11
235
75
250
144
9
205
24
196
39
7
54
157
67
80
80
227
91
92
102
112
111
251
118
56
125
255
127
255
127
255
127
255
127
255
127
82
126
122
120
92
113
108
104
53
94
245
82
126
70
22
57
3
43
105
28
106
13
89
254
67
239
46
224
174
209
247
195
241
182
237
170
12
160
101
150
59
142
126
135
31
130
0
128
0
128
0
128
0
128
217
128
199
133
24
140
207
147
29
157
149
167
32
179
189
191
93
205
149
219
32
234
246
248
211
7
184
22
105
37
97
51
177
64
67
77
194
88
31
99
44
108
167
115
210
121
126
126
255
127
230
127
255
127
185
127
74
124
198
118
2
112
147
103
214
93
241
82
227
70
215
57
244
43
148
29
232
14
26
0
64
241
106
226
31
212
141
198
153
185
142
173
167
162
239
152
153
144
202
137
74
132
208
128
109
128
7
129
218
128
117
130
15
135
42
141
165
148
179
157
2
168
112
179
219
191
62
205
63
219
154
233
67
248
239
6
156
21
16
36
219
49
10
63
124
75
226
86
40
97
54
106
211
113
2
120
191
124
187
126
39
126
251
125
218
125
244
122
170
117
249
110
186
102
42
93
91
82
123
70
191
57
44
44
17
30
149
15
240
0
82
242
194
227
162
213
22
200
47
187
59
175
96
164
179
154
64
146
69
139
186
133
18
130
141
129
102
130
63
130
99
131
158
135
174
141
48
149
37
158
84
168
186
179
15
192
56
205
2
219
66
233
215
247
97
6
221
20
35
35
232
48
32
62
122
74
201
85
240
95
214
104
125
112
167
118
92
123
169
125
40
125
171
124
143
124
227
121
160
116
234
109
195
101
105
92
205
81
10
70
120
57
52
44
109
30
44
16
188
1
95
243
27
229
66
215
228
201
51
189
116
177
172
166
42
157
220
148
222
141
98
136
108
132
60
131
234
131
238
131
253
132
6
137
215
142
5
150
144
158
70
168
88
179
110
191
56
204
147
217
109
231
187
245
32
4
129
18
152
32
40
46
50
59
100
71
190
82
6
93
243
101
188
109
253
115
224
120
2
124
73
124
214
123
160
123
4
121
255
115
190
109
253
101
5
93
213
82
83
71
246
58
249
45
124
32
124
18
51
4
221
245
154
231
216
217
149
204
248
191
53
180
55
169
140
159
28
151
231
143
95
138
2
134
218
131
14
132
42
132
52
133
6
137
108
142
42
149
108
157
202
166
120
177
60
189
211
201
22
215
203
228
236
242
57
1
157
15
201
29
117
43
176
56
26
69
186
80
96
91
166
100
226
108
132
115
172
120
137
124
156
125
99
125
77
125
253
122
102
118
157
112
8
105
33
96
40
86
220
74
151
62
115
49
172
35
129
21
27
7
152
248
1
234
203
219
255
205
203
192
134
180
15
169
236
158
245
149
37
142
72
136
152
131
211
128
203
128
243
128
196
129
96
133
156
138
69
145
191
153
87
163
21
174
228
185
177
198
94
212
118
226
234
240
138
255
68
14
222
28
254
42
180
56
148
69
135
81
137
92
47
102
205
110
206
117
28
123
45
127
255
127
255
127
255
127
238
125
109
121
175
115
15
108
5
99
236
88
139
77
69
65
5
52
16
38
185
23
7
9
47
250
71
235
191
220
178
206
43
193
151
180
221
168
94
158
23
149
245
140
203
134
213
129
0
128
0
128
0
128
0
128
169
130
230
135
102
142
186
150
60
160
241
170
194
182
143
195
63
209
92
223
5
238
255
252
1
12
230
26
69
41
63
55
123
68
186
80
29
92
26
102
230
110
64
118
236
123
255
127
255
127
255
127
255
127
255
127
213
123
17
118
176
110
246
101
13
92
188
80
132
68
74
55
98
41
25
27
62
12
65
253
66
238
132
223
64
209
102
195
132
182
150
170
194
159
68
150
245
141
93
135
8
130
0
128
0
128
0
128
0
128
39
129
69
134
155
140
170
148
222
157
88
168
24
180
220
192
129
206
133
220
35
235
28
250
4
9
248
23
142
38
198
52
75
66
178
78
75
90
141
100
125
109
43
117
34
123
153
127
255
127
255
127
255
127
255
127
143
124
213
118
150
111
245
102
34
93
235
81
194
69
139
56
177
42
135
28
185
13
220
254
253
239
47
225
230
210
4
197
29
184
54
172
39
161
125
151
27
143
77
136
252
130
0
128
0
128
0
128
0
128
112
129
67
134
116
140
112
148
149
157
240
167
152
179
52
192
177
205
148
219
15
234
242
248
186
7
164
22
49
37
58
51
172
64
26
77
223
88
107
99
127
108
93
116
118
122
11
127
255
127
255
127
255
127
255
127
40
125
165
119
185
112
53
104
118
94
104
83
96
71
69
58
109
44
52
30
70
15
69
0
73
241
83
226
9
212
41
198
16
185
231
172
118
161
141
151
16
143
243
135
96
130
0
128
0
128
0
128
0
128
0
128
160
132
168
138
124
146
154
155
239
165
151
177
35
190
182
203
227
217
154
232
182
247
178
6
212
21
159
36
192
50
103
64
33
77
19
89
198
99
240
108
249
116
91
123
255
127
255
127
255
127
255
127
255
127
16
127
156
121
232
114
100
106
165
96
171
85
173
73
156
60
142
46
4
32
232
16
197
1
168
242
107
227
201
212
162
198
54
185
206
172
51
161
32
151
100
142
220
134
248
128
0
128
0
128
0
128
0
128
0
128
230
129
213
135
155
143
209
152
57
163
241
174
121
187
36
201
167
215
151
230
225
245
16
5
112
20
173
35
51
50
45
64
61
77
97
89
89
100
224
109
62
118
221
124
255
127
255
127
255
127
255
127
255
127
255
127
39
124
118
117
205
108
238
98
210
87
159
75
137
62
96
48
168
33
126
18
53
3
249
243
150
228
175
213
106
199
231
185
83
173
128
161
45
151
61
142
151
134
201
128
0
128
0
128
0
128
0
128
0
128
227
128
210
134
109
142
133
151
224
161
167
173
47
186
174
199
4
214
191
228
247
243
44
3
112
18
156
33
13
48
241
61
2
75
46
87
95
98
16
108
98
116
17
123
255
127
255
127
255
127
255
127
255
127
255
127
237
123
127
117
75
109
229
99
14
89
245
76
39
64
98
50
16
36
59
21
12
6
3
247
227
231
23
217
238
202
107
189
205
176
246
164
121
154
113
145
176
137
148
131
0
128
0
128
0
128
0
128
0
128
84
129
231
134
250
141
135
150
92
160
184
171
242
183
13
197
249
210
95
225
119
240
146
255
143
14
152
29
22
44
33
58
99
71
143
83
226
94
222
104
107
113
139
120
78
126
255
127
255
127
255
127
255
127
255
127
60
124
24
118
55
110
33
101
160
90
206
78
63
66
177
52
143
38
217
23
161
8
181
249
190
234
215
219
131
205
207
191
29
179
87
167
181
156
111
147
109
139
21
133
77
128
0
128
0
128
0
128
0
128
253
129
85
135
66
142
205
150
135
160
160
171
184
183
178
196
120
210
190
224
181
239
171
254
105
13
61
28
160
42
157
56
202
69
196
81
4
93
4
103
139
111
186
118
78
124
217
127
255
127
215
127
255
127
202
126
141
122
140
116
230
108
244
99
176
89
39
78
207
65
129
52
168
38
69
24
84
9
164
250
237
235
77
221
83
207
217
193
71
181
173
169
14
159
210
149
231
141
145
135
207
130
109
128
191
128
236
128
3
129
217
131
231
136
119
143
183
151
26
161
213
171
177
183
83
196
196
209
194
223
91
238
19
253
174
11
83
26
110
40
24
54
39
67
21
79
58
90
46
100
186
108
250
115
162
121
140
125
175
126
46
126
111
126
104
125
109
121
207
115
171
108
20
100
61
90
25
79
32
67
68
54
187
40
179
26
32
12
163
253
20
239
148
224
202
210
112
197
201
184
48
173
171
162
91
153
44
145
141
138
106
133
76
130
12
130
24
130
209
129
39
132
205
136
210
142
158
150
142
159
190
169
40
181
74
193
106
206
68
220
130
234
240
248
102
7
239
21
21
36
211
49
7
63
51
75
128
86
169
96
160
105
88
113
75
119
185
123
178
125
148
125
25
126
190
125
60
122
255
116
94
110
24
102
155
92
226
81
67
70
189
57
88
44
113
30
26
16
192
1
68
243
187
228
213
214
87
201
123
188
172
176
208
165
18
156
128
147
127
140
20
135
113
131
139
130
112
130
243
129
184
131
254
135
164
141
250
148
144
157
122
167
170
178
141
190
120
203
34
217
28
231
98
245
188
3
56
18
115
32
52
46
131
59
228
71
108
83
3
94
80
103
50
111
118
117
106
122
30
125
109
125
231
125
182
125
142
122
168
117
131
111
180
103
153
94
29
84
165
72
94
60
56
47
131
33
64
19
234
4
143
246
11
232
27
218
160
204
140
191
115
179
74
168
57
158
126
149
70
142
102
136
15
132
122
130
70
130
203
129
56
131
48
135
128
140
105
147
177
155
79
165
73
176
255
187
167
200
21
214
249
227
105
242
216
0
73
15
172
29
141
43
245
56
171
69
132
81
86
92
228
101
31
110
210
116
82
122
188
125
91
126
188
126
228
126
64
124
160
119
203
113
40
106
38
97
217
86
108
75
54
63
34
50
88
36
233
21
73
7
189
248
10
234
175
219
205
205
103
192
243
179
127
168
60
158
39
149
97
141
49
135
153
130
163
128
129
128
4
128
225
128
156
132
245
137
216
144
78
153
6
163
15
174
7
186
235
198
147
212
194
226
133
241
80
0
9
15
197
29
18
44
215
57
215
70
223
82
213
93
143
103
17
112
254
118
111
124
220
127
255
127
255
127
255
127
162
126
231
121
227
115
21
108
232
98
136
88
233
76
110
64
12
51
237
36
68
22
83
7
108
248
125
233
210
218
164
204
6
191
88
178
181
166
57
156
222
146
234
138
184
132
18
128
0
128
0
128
0
128
0
128
193
129
64
135
55
142
224
150
174
160
215
171
48
184
105
197
111
211
8
226
52
241
147
0
215
15
2
31
190
45
220
59
60
73
164
85
229
96
236
106
170
115
176
122
255
127
255
127
255
127
255
127
255
127
255
127
34
125
194
118
157
110
250
100
67
90
48
78
27
65
33
51
100
36
57
21
183
5
46
246
211
230
197
215
63
201
125
187
163
174
202
162
73
152
18
143
68
135
56
129
0
128
0
128
0
128
0
128
0
128
10
128
34
134
137
141
180
150
7
161
123
172
46
185
187
198
3
213
224
227
44
243
165
2
5
18
24
33
172
47
168
61
194
74
229
86
9
98
205
107
35
116
7
123
255
127
255
127
255
127
255
127
255
127
255
127
165
124
13
118
243
109
74
100
131
89
159
77
185
64
237
50
126
36
179
21
158
6
115
247
92
232
152
217
102
203
235
189
88
177
176
165
40
155
253
145
54
138
221
131
0
128
0
128
0
128
0
128
0
128
220
128
95
134
103
141
248
149
209
159
225
170
32
183
59
196
21
210
131
224
72
239
60
254
67
13
28
28
122
42
94
56
141
69
195
81
14
93
40
103
207
111
23
119
17
125
255
127
255
127
255
127
255
127
255
127
33
125
31
119
198
111
244
102
209
92
128
81
32
69
208
55
207
41
92
27
147
12
154
253
149
238
210
223
150
209
232
195
234
182
217
170
230
159
34
150
185
141
211
134
104
129
0
128
0
128
0
128
0
128
0
128
19
132
106
138
39
146
80
155
220
165
166
177
81
190
218
203
51
218
250
232
14
248
88
7
105
22
29
37
137
51
71
65
29
78
2
90
179
100
31
110
32
118
163
124
255
127
255
127
255
127
255
127
255
127
255
127
208
122
244
115
141
107
157
97
110
86
43
74
245
60
228
46
36
32
249
16
133
1
253
241
200
226
249
211
164
197
24
184
136
171
26
160
206
149
227
140
153
133
0
128
0
128
0
128
0
128
0
128
0
128
29
129
97
135
23
143
68
152
242
162
226
174
161
187
81
201
251
215
25
231
129
246
37
6
135
21
161
36
127
51
138
65
154
78
174
90
149
101
69
111
78
119
208
125
255
127
255
127
255
127
255
127
255
127
255
127
186
123
179
116
15
108
254
97
156
86
26
74
199
60
143
46
145
31
65
16
177
0
11
241
181
225
187
210
98
196
243
182
109
170
26
159
241
148
46
140
57
133
0
128
0
128
0
128
0
128
0
128
0
128
193
130
61
137
81
145
206
154
150
165
176
177
171
190
109
204
17
219
31
234
81
249
178
8
218
23
191
38
71
53
189
66
67
79
234
90
53
101
61
110
170
117
133
123
255
127
255
127
255
127
255
127
255
127
99
124
112
118
74
111
139
102
127
92
96
81
27
69
8
56
86
42
246
27
76
13
141
254
179
239
38
225
6
211
140
197
11
185
79
173
166
162
93
153
94
145
226
138
159
133
92
130
34
130
165
130
157
130
124
132
35
137
99
143
236
150
213
159
243
169
38
181
86
193
73
206
217
219
228
233
24
248
102
6
176
20
183
34
96
48
58
61
60
73
133
84
155
94
108
103
213
110
222
116
174
121
193
123
128
123
197
123
172
123
180
120
130
115
41
109
100
101
47
92
229
81
141
70
54
58
62
45
168
31
154
17
122
3
56
245
17
231
76
217
243
203
71
191
83
179
87
168
149
158
250
149
224
142
11
137
253
132
245
131
7
132
121
131
128
132
91
136
242
141
206
148
26
157
186
166
113
177
72
189
12
202
103
215
87
229
147
243
225
1
67
16
110
30
71
44
139
57
19
70
236
81
168
92
64
102
125
110
18
117
130
122
156
125
228
125
34
126
84
126
208
123
224
118
196
112
50
105
4
96
178
85
76
74
189
61
117
48
144
34
23
20
131
5
214
246
65
232
17
218
57
204
19
191
179
178
58
167
10
157
248
147
113
140
115
134
212
129
0
128
34
128
16
128
63
129
72
133
50
139
87
146
236
154
232
164
6
176
60
188
110
201
60
215
159
229
95
244
51
3
12
18
135
32
150
46
19
60
167
72
126
84
59
95
156
104
164
112
6
119
76
124
193
127
255
127
226
127
69
127
84
124
15
119
124
112
132
104
17
95
97
84
176
72
14
60
164
46
158
32
22
18
108
3
178
244
28
230
11
216
105
202
125
189
120
177
105
166
183
156
61
148
49
141
159
135
41
131
9
129
25
129
141
129
75
131
99
135
38
141
96
148
231
156
163
166
180
177
181
189
121
202
254
215
22
230
125
244
6
3
147
17
194
31
121
45
171
58
17
71
181
82
40
93
47
102
5
110
67
116
73
121
240
124
11
126
222
125
33
125
75
122
147
117
144
111
230
103
238
94
206
84
134
73
103
61
123
48
203
34
159
20
82
6
237
247
143
233
167
219
49
206
75
193
46
181
249
169
36
160
120
151
2
144
85
138
252
133
67
131
134
130
191
130
81
132
225
135
236
140
140
147
147
155
185
164
57
175
189
186
15
199
56
212
253
225
37
240
119
254
224
12
26
27
220
40
42
54
203
66
166
78
119
89
242
98
97
107
84
114
144
119
121
123
134
125
249
125
92
125
238
122
196
118
58
113
21
106
169
97
9
88
52
77
106
65
167
52
41
39
48
25
245
10
156
252
27
238
228
223
44
210
235
196
131
184
16
173
181
162
130
153
121
145
40
139
110
134
26
131
146
129
130
129
236
130
40
134
252
138
99
145
16
153
223
161
30
172
109
183
165
195
203
208
125
222
172
236
19
251
122
9
229
23
245
37
135
51
128
64
136
76
133
87
99
97
27
106
97
113
34
119
136
123
235
125
150
126
100
126
120
124
120
120
4
115
18
108
209
99
95
90
173
79
1
68
91
55
234
41
241
27
149
13
39
255
168
240
65
226
80
212
231
198
75
186
165
174
4
164
137
154
70
146
139
139
68
134
186
130
124
129
76
129
180
129
64
132
246
136
13
143
149
150
140
159
223
169
74
181
155
193
206
206
174
220
38
235
220
249
112
8
10
23
120
37
93
51
139
64
203
76
9
88
31
98
244
106
118
114
145
120
248
124
175
126
149
126
196
126
226
125
14
122
108
116
147
109
17
101
39
91
27
80
22
68
38
55
105
41
33
27
119
12
197
253
46
239
173
224
152
210
54
197
180
184
21
173
117
162
37
153
30
145
97
138
68
133
144
130
121
130
200
130
145
130
117
132
64
137
115
143
0
151
47
160
177
170
61
182
154
194
210
207
197
221
54
236
232
250
132
9
23
24
135
38
96
52
107
65
140
77
186
88
209
98
142
107
0
115
41
121
60
125
63
126
157
125
216
125
124
125
236
121
16
116
247
108
80
100
81
90
44
79
12
67
42
54
128
40
93
26
245
11
90
253
205
238
98
224
95
210
29
197
166
184
10
173
124
162
52
153
51
145
115
138
73
133
137
130
92
130
172
130
96
130
246
131
157
136
239
142
168
150
199
159
247
169
108
181
217
193
249
206
218
220
36
235
171
249
83
8
232
22
86
37
67
51
99
64
185
76
40
88
105
98
79
107
226
114
40
121
148
125
72
127
35
127
77
127
216
126
111
123
240
117
70
111
194
102
230
92
30
82
31
70
67
57
180
43
138
29
8
15
52
0
106
241
239
226
181
212
7
199
31
186
5
174
253
162
55
153
191
144
157
137
216
131
80
128
0
128
0
128
0
128
114
129
244
133
215
139
57
147
119
156
200
166
39
178
160
190
230
203
239
217
82
232
224
246
195
5
145
20
11
35
33
49
110
62
226
74
126
86
14
97
122
106
109
114
217
120
216
125
255
127
255
127
255
127
255
127
203
124
115
119
239
112
182
104
6
95
73
84
88
72
132
59
228
45
138
31
254
16
76
2
109
243
203
228
122
214
169
200
179
187
160
175
156
164
200
154
32
146
253
138
103
133
102
129
0
128
0
128
0
128
38
130
169
134
145
140
217
147
164
156
155
166
216
177
46
190
38
203
216
216
38
231
186
245
134
4
37
19
71
33
19
47
97
60
240
72
156
84
6
95
13
104
204
111
54
118
47
123
101
126
181
127
141
127
223
125
72
122
24
117
132
110
109
102
15
93
140
82
218
70
67
58
245
44
10
31
205
16
95
2
215
243
139
229
179
215
108
202
226
189
44
178
100
167
200
157
147
149
189
142
55
137
72
133
15
131
81
130
37
131
193
133
1
138
184
143
219
150
93
159
45
169
12
180
194
191
85
204
168
217
119
231
139
245
177
3
205
17
192
31
76
45
71
58
115
70
162
81
235
91
14
101
176
108
253
114
227
119
15
123
170
124
204
124
57
123
234
119
251
114
152
108
224
100
190
91
90
81
8
70
210
57
216
44
75
31
68
17
26
3
253
244
224
230
13
217
209
203
59
191
116
179
172
168
17
159
205
150
209
143
52
138
44
134
174
131
187
130
112
131
195
133
196
137
89
143
54
150
92
158
219
167
127
178
47
190
186
202
227
215
163
229
198
243
4
2
71
16
93
30
4
44
27
57
123
69
251
80
106
91
163
100
164
108
57
115
54
120
204
123
213
125
5
126
154
124
171
121
5
117
227
110
121
103
176
94
170
84
153
73
140
61
168
48
27
35
19
21
200
6
94
248
10
234
8
220
120
206
134
193
102
181
56
170
41
160
88
151
200
143
174
137
38
133
31
130
179
128
242
128
206
130
87
134
121
139
251
145
234
153
82
163
244
173
125
185
198
197
237
210
227
224
49
239
157
253
50
12
164
26
187
40
114
54
135
67
181
79
228
90
231
100
140
109
181
116
124
122
211
126
255
127
255
127
255
127
96
127
20
123
80
117
37
110
97
101
82
91
37
80
221
67
161
54
155
40
34
26
111
11
138
252
174
237
254
222
168
208
0
195
12
182
249
169
32
159
118
149
48
141
113
134
64
129
0
128
0
128
0
128
0
128
0
128
182
132
4
139
210
146
252
155
82
166
1
178
224
190
155
204
213
218
94
233
92
248
137
7
104
22
238
36
14
51
180
64
165
77
100
89
226
99
26
109
219
116
118
123
255
127
255
127
255
127
255
127
255
127
91
126
224
120
32
114
251
105
77
96
60
85
25
73
1
60
242
45
108
31
201
16
215
1
215
242
31
228
153
213
129
199
72
186
20
174
252
162
4
153
79
144
13
137
82
131
14
128
0
128
6
128
0
128
124
128
174
132
180
138
251
145
219
154
17
165
89
176
124
188
129
201
112
215
172
229
12
244
211
2
150
17
52
32
159
46
27
60
178
72
151
84
66
95
176
104
213
112
113
119
184
124
189
127
255
127
255
127
240
127
31
125
6
120
199
113
237
105
148
96
31
86
109
74
214
61
150
48
172
34
85
20
152
5
186
246
11
232
90
217
15
203
218
189
156
177
64
166
235
155
206
146
68
139
36
133
198
128
0
128
0
128
0
128
0
128
165
131
136
137
170
144
83
153
71
163
84
174
169
186
231
199
140
213
166
227
68
242
37
1
251
15
144
30
215
44
182
58
204
71
214
83
232
94
211
104
82
113
121
120
229
125
255
127
255
127
255
127
255
127
255
127
34
124
159
117
228
109
143
100
178
89
205
77
226
64
43
51
255
36
92
22
102
7
62
248
4
233
29
218
160
203
165
189
171
176
203
164
20
154
204
144
184
136
78
130
0
128
0
128
0
128
0
128
0
128
0
128
190
132
42
140
198
148
8
159
163
170
58
183
210
196
17
211
190
225
197
240
243
255
89
15
189
30
156
45
217
59
67
73
168
85
24
97
53
107
218
115
30
123
255
127
255
127
255
127
255
127
255
127
255
127
137
125
218
118
134
110
218
100
250
89
28
78
27
65
50
51
206
36
242
21
203
6
142
247
54
232
43
217
234
202
104
189
184
176
13
165
112
154
48
145
140
137
115
131
0
128
0
128
0
128
0
128
0
128
16
130
9
136
139
143
68
152
109
162
232
173
76
186
122
199
117
213
254
227
216
242
228
1
238
16
196
31
39
46
215
59
204
72
215
84
172
95
74
105
117
113
255
119
45
125
255
127
255
127
255
127
255
127
184
125
123
120
248
113
21
106
162
96
213
85
255
73
101
61
0
48
226
33
123
19
236
4
69
246
216
231
180
217
240
203
228
190
181
178
147
167
181
157
13
149
184
141
220
135
89
131
112
128
0
128
58
128
128
130
41
134
83
139
69
146
187
154
58
164
211
174
143
186
45
199
125
212
60
226
66
240
159
254
18
13
84
27
90
41
238
54
192
67
165
79
116
90
23
100
142
108
185
115
94
121
105
125
225
127
255
127
181
127
73
125
91
121
171
115
117
108
246
99
11
90
228
78
209
66
219
53
38
40
253
25
146
11
5
253
111
238
20
224
53
210
222
196
55
184
138
172
252
161
186
152
237
144
147
138
195
133
147
130
239
128
228
128
146
130
237
133
200
138
22
145
243
152
74
162
188
172
49
184
170
196
224
209
164
223
203
237
255
251
44
10
79
24
12
38
56
51
212
63
153
75
73
86
216
95
38
104
33
111
185
116
185
120
20
123
246
123
85
123
20
121
69
117
244
111
44
105
22
97
194
87
49
77
155
65
66
53
78
40
217
26
254
12
248
254
19
241
94
227
214
213
200
200
157
188
107
177
35
167
237
157
244
149
78
143
57
138
221
134
6
133
170
132
2
134
11
137
147
141
129
147
200
154
105
163
89
173
90
184
60
196
219
208
251
221
131
235
130
249
175
7
157
21
68
35
156
48
57
61
222
72
174
83
134
93
22
102
89
109
53
115
105
119
12
122
53
123
178
122
134
120
217
116
183
111
33
105
46
97
243
87
144
77
38
66
244
53
50
41
211
27
224
13
179
255
127
241
112
227
214
213
204
200
104
188
236
176
123
166
56
157
70
149
155
142
112
137
243
133
243
131
129
131
208
132
179
135
36
140
60
146
207
153
177
162
193
172
214
183
229
195
203
208
92
222
111
236
181
250
7
9
87
23
83
37
201
50
174
63
185
75
180
86
162
96
118
105
247
112
219
118
3
123
123
125
111
126
22
126
55
124
112
120
238
114
238
107
130
99
241
89
57
79
76
67
117
54
221
40
198
26
131
12
251
253
116
239
95
225
145
211
35
198
127
185
215
173
105
163
34
154
20
146
162
139
81
134
81
130
201
128
228
128
160
129
37
132
176
136
146
142
31
150
32
159
54
169
161
180
237
192
227
205
215
219
71
234
213
248
129
7
250
21
96
36
138
50
195
63
254
75
81
87
171
97
221
106
57
114
27
120
7
125
123
127
118
127
80
127
148
126
42
123
138
117
167
110
107
102
12
93
146
82
192
70
234
57
112
44
87
30
194
15
237
0
5
242
77
227
24
213
96
199
45
186
251
173
240
162
242
152
100
144
69
137
144
131
111
128
8
128
38
128
0
128
47
129
142
133
6
140
155
147
110
156
152
166
16
178
221
190
109
204
46
218
120
232
100
247
99
6
69
21
204
35
180
49
40
63
204
75
30
87
65
97
41
106
172
113
232
119
136
124
11
127
204
127
130
127
248
125
156
122
125
117
231
110
3
103
193
93
29
83
91
71
178
58
96
45
139
31
51
17
177
2
59
244
196
229
131
215
235
201
59
189
54
177
9
166
32
156
110
147
74
140
217
134
229
130
187
128
23
128
203
128
40
131
228
134
39
140
74
147
239
155
240
165
65
177
160
189
176
202
55
216
73
230
197
244
120
3
247
17
32
32
63
46
183
59
70
72
41
84
142
94
121
103
135
111
101
118
185
123
233
126
255
127
255
127
238
127
146
125
176
120
21
114
62
106
17
97
164
86
220
74
66
62
71
49
106
35
25
21
195
6
62
248
215
233
112
219
146
205
199
192
143
180
99
169
124
159
178
150
154
143
246
137
184
133
15
131
186
129
54
130
111
132
3
136
86
141
76
148
203
156
191
166
170
177
105
189
15
202
116
215
50
229
72
243
164
1
241
15
111
30
97
44
50
57
199
69
147
81
243
91
26
101
166
108
233
114
199
119
6
123
33
125
107
125
229
123
246
120
61
116
60
110
180
102
178
93
214
83
140
72
99
60
185
47
108
34
218
20
165
6
148
248
176
234
111
220
21
207
132
194
116
182
126
171
129
161
199
152
131
145
158
139
112
135
163
132
53
131
165
131
114
133
20
137
59
142
104
148
79
156
232
164
78
175
186
186
21
198
33
211
150
223
215
237
31
250
198
251
55
251
23
252
239
251
36
253
201
253
77
254
154
254
145
254
25
255
181
254
138
254
71
254
54
254
117
254
249
253
230
253
230
253
170
254
111
255
208
255
232
0
88
1
194
1
7
2
50
2
201
2
195
2
220
2
209
2
178
2
155
2
58
2
23
2
205
1
205
1
169
1
75
1
66
1
32
1
32
1
245
0
9
1
36
1
244
0
27
1
251
0
11
1
40
1
223
0
168
0
57
0
222
255
152
255
57
255
201
254
110
254
44
254
180
253
105
253
26
253
249
252
8
253
215
252
218
252
203
252
180
252
165
252
174
252
254
252
41
253
136
253
210
253
242
253
60
254
121
254
238
254
88
255
210
255
107
0
199
0
16
1
98
1
214
1
41
2
109
2
178
2
208
2
218
2
173
2
147
2
100
2
64
2
63
2
228
1
147
1
36
1
163
0
81
0
242
255
205
255
172
255
119
255
59
255
245
254
197
254
169
254
188
254
191
254
211
254
239
254
213
254
197
254
190
254
215
254
229
254
249
254
29
255
34
255
49
255
26
255
29
255
63
255
85
255
142
255
143
255
125
255
130
255
145
255
190
255
226
255
16
0
55
0
81
0
93
0
98
0
113
0
118
0
146
0
178
0
223
0
248
0
228
0
230
0
221
0
227
0
243
0
233
0
224
0
194
0
171
0
148
0
118
0
100
0
84
0
69
0
32
0
255
255
227
255
195
255
178
255
168
255
163
255
155
255
146
255
133
255
123
255
125
255
125
255
134
255
139
255
140
255
144
255
137
255
137
255
139
255
141
255
146
255
148
255
151
255
153
255
158
255
164
255
171
255
181
255
192
255
204
255
216
255
229
255
244
255
2
0
16
0
30
0
44
0
56
0
67
0
78
0
